step_length;step_period;movement_time;velocity
=============================================================================================================
distance: 5, tripod_walk, no ground
1.00000; 2.00000;51.22300; 0.07809; 
1.00000; 2.00000;50.57900; 0.07908; 
1.00000; 2.00000;51.09400; 0.07829; 
1.00000; 2.00000;50.76600; 0.07879; 
1.00000; 2.00000;49.99900; 0.08000; 
=============================================================================================================
distance: 5, tripod_walk, ramp 5 up
1.00000; 2.00000;28.89500; 0.13843; 
1.00000; 2.00000;27.70600; 0.14437; 
1.00000; 2.00000;17.90600; 0.22339; 
1.00000; 2.00000;18.82800; 0.21245; 
1.00000; 2.00000;18.65900; 0.21437; 
=============================================================================================================
distance: 5, tripod_walk, ramp 5 down 
1.00000; 2.00000;17.15900; 0.23311; 
1.00000; 2.00000;16.22700; 0.24650; 
1.00000; 2.00000;15.79400; 0.25326; 
1.00000; 2.00000;16.60500; 0.24089; 
1.00000; 2.00000;17.16000; 0.23310; 
=============================================================================================================
distance: 5, tripod_walk, plain ground
1.00000; 2.00000;44.13500; 0.09063; 
1.00000; 2.00000;44.41300; 0.09006; 
1.00000; 2.00000;43.49400; 0.09197; 
1.00000; 2.00000;44.88500; 0.08912; 
1.00000; 2.00000;43.24200; 0.09250; 
==============================================================================================================
distance: 5, tripod_walk, ramp 20 down
1.00000; 2.00000;15.03500; 0.26605; 
1.00000; 2.00000;15.29200; 0.26157; 
1.00000; 2.00000;15.03700; 0.26601; 
1.00000; 2.00000;15.05400; 0.26571; 
1.00000; 2.00000;14.48900; 0.27607; 
==============================================================================================================
distance: 5, tripod_walk, ramp 20 up
1.00000; 2.00000;21.75000; 0.18391; 
1.00000; 2.00000;19.73500; 0.20269; 
1.00000; 2.00000;21.93600; 0.18235; 
1.00000; 2.00000;16.31800; 0.24513; 
1.00000; 2.00000;18.31000; 0.21846; 
==============================================================================================================
distance: 5, tripod_walk, ramp step
1.00000; 2.00000;37.41700; 0.10690; 
==============================================================================================================
distance: 2, tripod_walk, ramp step down
1.00000; 2.00000;27.23500; 0.07343; 
1.00000; 2.00000;20.24800; 0.04939; 
1.00000; 2.00000;20.45500; 0.04889; 
==============================================================================================================
distance: 2, tripod_walk, ramp step up
1.00000; 2.00000;17.51900; 0.05708; 
1.00000; 2.00000;40.04100; 0.02497; 
1.00000; 2.00000;27.55800; 0.03629; 
1.00000; 2.00000;14.53300; 0.06881; 
